
Texas
	Abilene              0,266,213,412,392,107,516,77,253,154,387,343,180,246,235,298,439,250,150,195,398,348,304,144,397,373,305,162,336,480,167,434,170,281,240,89,244,530,181,359,277,328,334,183,141		Abilene
	Amarillo             266,0,478,637,484,222,765,342,503,116,636,82,361,450,348,505,418,338,337,309,646,596,528,380,646,609,482,119,529,728,255,649,336,403,320,293,493,779,444,495,457,401,600,423,225		Amarillo
	Austin               213,478,0,238,462,289,325,137,100,367,192,556,192,232,267,220,573,335,187,252,206,162,153,139,206,232,256,368,219,300,334,262,229,294,388,203,79,339,67,340,224,454,122,102,283		Austin
	Beaumont             412,637,238,0,699,519,437,350,158,521,288,719,276,434,321,421,810,572,301,345,78,86,113,376,317,396,194,574,108,430,567,24,466,292,625,436,281,451,230,256,192,690,209,242,412		Beaumont
	Big Bend             392,484,462,699,0,281,636,398,559,483,524,525,559,253,606,309,329,136,529,584,651,603,602,332,602,434,649,360,675,578,222,715,236,665,190,300,406,644,499,744,647,199,522,518,513		Big Bend
	Big Spring           107,222,289,519,281,0,567,174,360,204,438,294,287,231,341,286,332,143,257,301,493,449,411,182,448,406,412,104,443,531,60,541,117,388,133,87,295,251,288,466,384,221,402,290,234		Big Spring
	Brownsville          516,765,325,437,636,567,0,471,382,671,159,842,517,378,592,324,801,563,512,577,374,352,414,386,119,199,557,655,470,56,609,459,476,615,616,481,272,27,392,634,526,682,230,427,608		Brownsville
	Brownwood            77,342,137,350,398,174,471,0,191,231,329,420,157,231,221,260,493,260,127,185,336,286,241,107,340,330,278,232,274,423,219,372,178,257,293,96,187,473,119,335,242,378,259,123,169		Brownwood
	Bryan                253,503,100,158,559,360,382,191,0,388,237,503,165,318,237,306,660,422,167,232,145,95,54,237,263,318,177,415,121,364,408,181,325,234,475,277,165,396,72,261,145,540,152,85,270		Bryan
	Childress            154,116,367,521,483,204,671,231,388,0,542,197,245,382,232,437,482,347,222,193,531,480,412,299,552,528,366,139,414,634,263,533,300,287,337,225,398,684,329,379,342,425,489,307,109		Childress
	Corpus Christi      387,636,192,288,524,438,159,329,237,542,0,713,377,268,452,218,691,453,372,437,219,207,269,257,39,141,411,526,325,152,480,310,347,470,506,352,143,172,255,489,381,571,85,287,474		Corpus Christi
	Dalhart             343,82,556,719,525,294,842,420,503,197,713,0,443,520,429,575,417,398,419,391,728,678,610,457,723,686,564,196,611,806,315,731,406,485,374,371,570,856,524,576,539,447,677,504,307		Dalhart
	Dallas              180,361,192,276,559,287,517,157,165,245,377,443,0,388,75,412,617,416,30,69,288,238,170,264,398,424,125,322,168,491,347,288,334,103,420,252,271,531,126,178,97,508,292,91,136		Dallas
	Del Rio             246,450,232,434,253,231,378,231,318,382,268,520,388,0,452,55,424,185,358,416,393,349,369,124,260,179,488,332,439,322,247,455,114,488,238,158,154,392,299,566,455,304,264,334,388		Del Rio
	Denison             235,348,267,321,606,341,592,221,237,232,452,429,75,452,0,481,667,479,94,40,361,310,242,328,473,499,150,328,213,566,401,333,397,65,474,315,346,606,201,157,130,562,367,166,123		Denison
	Eagle Pass          298,505,220,421,309,286,324,260,306,437,218,575,412,55,481,0,478,240,387,446,380,336,357,154,205,124,476,387,427,268,301,443,169,515,493,212,142,338,287,559,443,359,241,322,429		Eagle Pass
	El Paso             439,418,573,810,329,332,801,493,660,482,691,417,617,424,667,478,0,238,587,625,774,730,714,435,683,602,742,344,761,745,274,834,344,717,207,402,548,815,595,795,714,119,661,610,552		El Paso
	Fort Stockton       250,338,335,572,136,143,563,260,422,347,453,398,416,185,479,240,238,0,385,439,536,492,475,197,445,364,535,220,523,507,83,596,106,516,53,164,310,577,357,594,500,119,423,372,376		Fort Stockton
	Fort Worth          150,337,187,301,529,257,512,127,167,222,372,419,30,358,94,387,587,385,0,65,309,259,191,233,393,416,155,292,199,486,317,318,303,131,390,222,262,526,121,209,127,478,287,86,112		Fort Worth
	Gainesville         195,309,252,345,584,301,577,185,232,193,437,391,69,416,40,446,625,439,65,0,358,307,239,292,358,480,178,290,238,551,360,358,357,96,434,275,326,591,186,188,159,522,352,151,84		Gainesville
	Galveston           398,646,206,78,651,493,374,336,145,531,219,728,288,393,361,380,774,536,309,358,0,50,119,340,254,341,253,560,166,367,538,98,430,342,589,407,241,387,217,328,247,654,154,230,421		Galveston
	Houston             348,596,162,86,603,449,352,286,95,480,207,678,238,349,310,336,730,492,259,307,50,0,69,296,232,311,206,510,119,345,494,108,386,291,545,363,197,366,167,283,197,610,124,180,371		Houston
	Huntsville          304,528,153,113,602,411,414,241,54,412,269,610,170,369,242,357,714,475,191,239,119,69,0,291,295,365,151,466,72,398,458,136,379,224,528,327,217,428,126,235,130,594,186,130,303		Huntsville
	Junction            144,380,139,376,332,182,386,107,237,299,257,457,264,124,328,154,435,197,233,292,340,296,291,0,267,230,374,269,346,349,224,400,91,364,250,96,114,400,178,442,338,315,227,211,276		Junction
	Kingville           397,646,206,317,602,448,119,340,263,552,39,723,398,260,473,205,683,445,393,358,254,232,295,267,0,118,437,536,350,113,490,339,357,496,498,362,153,133,272,515,406,563,111,308,488		Kingville
	Laredo              373,609,232,396,434,406,199,330,318,528,141,686,424,179,499,124,602,364,416,480,341,311,365,230,118,0,488,498,429,143,422,418,289,527,417,321,154,216,299,572,456,483,187,334,490		Laredo
	Longview            305,482,256,194,649,412,557,278,177,366,411,564,125,488,150,476,742,535,155,178,253,206,151,374,437,488,0,447,87,541,472,195,456,102,546,372,334,570,198,88,36,633,328,163,257		Longview
	Lubbock             162,119,368,574,360,104,655,232,415,139,526,196,322,332,328,387,344,220,292,290,560,510,466,269,536,498,447,0,490,618,137,596,218,383,203,183,382,668,343,475,419,291,489,345,208		Lubbock
	Lufkin              336,529,219,108,675,443,470,274,121,414,325,611,168,439,213,427,761,523,199,238,166,119,72,346,350,429,87,490,0,463,491,120,431,184,565,360,285,484,168,165,84,642,242,157,304		Lufkin
	McAllen             480,728,300,430,578,531,56,423,364,634,152,806,491,322,566,268,745,507,486,551,367,345,398,349,113,143,541,618,463,0,565,451,432,594,560,444,236,73,366,624,508,626,220,401,572		McAllen
	Odessa              167,255,334,567,222,60,609,219,408,263,480,315,347,247,401,301,274,83,317,360,538,494,458,224,490,422,472,137,491,565,0,589,133,447,74,131,336,622,336,525,444,161,447,340,293		Odessa
	Orange              434,649,262,24,715,541,459,372,181,533,310,731,288,455,333,443,834,596,318,358,98,108,136,400,339,418,195,596,120,451,589,0,490,297,649,458,303,472,253,254,204,714,231,265,424		Orange
	Ozona               170,336,229,466,236,117,476,178,325,300,347,406,334,114,397,169,344,106,303,357,430,386,379,91,357,289,456,218,431,432,133,490,0,434,159,82,204,490,263,512,410,225,318,282,311		Ozona
	Paris               281,403,294,292,665,388,615,257,234,287,470,485,103,488,65,515,717,516,131,96,342,291,224,364,496,527,102,383,184,594,447,297,434,0,521,352,373,629,228,92,101,608,385,194,174		Paris
	Pecos               240,320,388,625,190,133,616,293,475,337,506,374,420,238,474,493,207,53,390,434,589,545,528,250,498,417,546,203,565,560,74,649,159,521,0,205,363,630,410,599,517,88,476,413,366		Pecos
	San Angelo          89,293,203,436,300,87,481,96,277,225,352,371,252,158,315,212,402,164,222,275,407,363,327,96,362,321,372,183,360,444,131,458,82,352,205,0,209,495,205,430,336,282,316,209,230		San Angelo
	San Antonio         244,493,79,281,406,295,272,187,165,398,143,570,271,154,346,142,548,310,262,326,241,197,217,114,153,154,334,382,285,236,336,303,204,373,363,209,0,286,146,418,302,428,114,181,336		San Antonio
	South Padre Island  530,779,339,451,644,251,27,473,396,684,172,856,531,392,606,338,815,577,526,591,387,366,428,400,133,216,570,668,484,73,622,472,490,629,630,495,286,0,406,648,540,696,244,441,621		South Padre Island
	Temple              181,444,67,230,499,288,392,119,72,329,255,524,126,299,201,287,595,357,121,186,217,167,126,178,272,299,198,343,168,366,336,253,263,228,410,205,146,406,0,278,162,476,178,36,230		Temple
	Texarkana           359,495,340,256,744,466,634,335,261,379,489,576,178,566,157,559,795,594,209,188,328,283,235,442,515,572,88,475,165,624,525,254,512,92,599,430,418,648,278,0,116,686,407,244,270		Texarkana
	Tyler               277,457,224,192,647,384,526,242,145,342,381,539,97,455,130,443,714,500,127,159,247,197,130,338,406,456,36,419,84,508,444,204,410,101,517,336,302,540,162,116,0,605,296,128,232		Tyler
	Van Horn            328,401,454,690,199,221,682,378,540,425,571,447,508,304,562,359,119,119,478,522,654,610,594,315,563,483,633,291,642,626,161,714,225,608,88,282,428,696,476,686,605,0,542,490,454		Van Horn
	Victoria            334,600,122,209,522,402,230,259,152,489,85,677,292,264,367,241,661,423,287,352,154,124,186,227,111,187,328,489,242,220,447,231,318,385,476,316,114,244,178,407,296,542,0,202,399		Victoria
	Waco                183,423,102,242,518,290,427,123,85,307,287,504,91,334,166,322,610,372,86,151,230,180,130,211,308,334,163,345,157,401,340,265,282,194,413,209,181,441,36,244,128,490,202,0,198		Waco
	Wichita Falls       141,225,283,412,513,234,608,169,270,109,474,307,136,388,123,429,552,376,112,84,421,371,303,276,488,490,257,208,304,572,293,424,311,174,366,230,336,621,230,270,232,454,399,198,0		Wichita Falls
